PID
1
54
55
58
59
63
65
66
68
71
73
78
80
84
86
87
90
93
94
95
96
97
98
99
100
101
102
104
105
106
107
109
113
114
115
116
118
119
121
122
123
124
127
128
129
155
183
189
190
191
192
195
199
203
209
215
216
217
235
241
252
254
266
267
287
288
290
291
297
298
299
300
301
303
307
309
312
314
316
317
318
319
321
325
326
327
330
333
334
337
338
339
340
341
343
350
359
361
364
365
371
374
376
378
379
380
388
401
402
405
406
407
411
415
416
420
423
424
426
427
428
430
431
434
435
437
438
441
445
446
447
450
457
458
469
476
486
498
499
529
537
539
577
582
585
592
594
595
607
610
616
617
618
619
620
621
622
624
625
626
627
631
649
671
712
815
818
826
1877
1890
1959
1965
1966
1968
2014
2015
3330
3332
3333
3335
3336
3554
3616
3643
3789
3790
3791
4026
4028
4035
4036
4057
7086
7108
7135
7165
25165
25336
25720
25721
25732
28252
28253
28257
28261
28901
28916
28920
28930
29028
29215
29274
29356
29489
29498
29510
29539
29602
29613
29674
29684
29685
29876
29897
30319
30320
30325
30503
32225
32519
32921
33702
34396
34748
34750
34821
34996
35072
35406
35417
35421
35425
35426
35449
35865
36244
36589
36615
36618
36650
36701
36718
36723
36747
36750
36758
37028
37048
37049
37202
37277
37279
37280
37284
37285
37288
37293
37294
37295
37296
37297
37299
37303
37304
37305
37306
37307
37308
37309
37310
37311
37312
37313
37315
37316
37317
37318
37319
37320
37321
37322
37323
37324
37325
37327
37328
37329
37330
37331
37332
37333
37334
37335
37336
37337
37338
37339
37340
37341
37342
37343
37344
37345
37346
37347
37348
37349
37351
37352
37353
37356
37357
37358
37359
37360
37368
37383
37414
37419
37462
37464
37465
37466
37467
37468
37469
37474
37511
37512
37515
37517
37518
37519
37520
37526
37527
37536
37537
37624
37625
37632
37639
37640
37641
37664
37681
37682
37691
37731
37777
37789
37795
37797
37798
37800
37813
37814
37836
38296
38363
38410
38411
38541
38542
38543
38612
38646
38654
38655
38657
38664
38665
1878
1880
38666
38667
24023
24024
25871
30618
31532
