4760653908937563
4728820961120986
4731356526942817
4758926816182678
4742995079599260
4669832371375751
4758300165413409
4671954739265835
4756746054405729
4757786530943740
4619447912107371
4683605797769262
4755707340002296
4756107601645858
4757091224914550
4757064343621059
4751073057964173
4756293209034997
4753721617549943
4635246010043809
4688002842628810
4664070554785556
4640160057136501
4722712490542063
4737122101105457
4751723111124460
4652489565278406
4755324289942935
4755021558710942
4723808563101890
4502387772966164
4634292829291734
4668680631223585
4754116330658507
4754490038948783
4754559282449338
4754569161085468
4735296392661137
4754266127076147
4754269611230759
4754275722596687
4443315082862192
4637468429128534
4754326415215139
4735328378422072
4752735091558055
4017405237476969
4657936309946821
4751060868006247
4751059018843967
4749188845801664
4079009988111776
4643347224072447
4749434473154265
4726403603634692
4749762798028047
4708959347545928
4749113948635184
4740855385036465
4748699034452864
4748671059496011
4748231311884303
4746171492336683
4232984158167073
4698854447123075
4723504522461860
4747406963641513
4747058563515073
4702410020751586
4571648488121786
4743714204814856
4746864535013606
4737174102084617
4698868758088252
4731885579928524
4635028270617919
4745570239644210
4740078629031708
4741495393881151
4744656271968298
4744367887354732
4733306941473077
4571279661998904
4733268810796866
4744304004695082
4737946638352976
4740533808005812
4743966040262905
4719495739868814
4743800473784188
4741832451294528
4664249961420665
4579474072930600
4739933845848675
4738951690584783
4738541139790370
4737979682132146
4500239027092629
4729233656778794
4729948025656503
4732948781991216
4680886044328980
4737442077476550
4735336956298872
4705399824975645
4701764522082518
4495524327268246
4537460002136781
4736666168197589
4706845417016552
4736148570641953
4705760979979232
4705885765240524
4735383151579803
4693073659169424
4734737887527516
4730769819304464
4733084677964868
4733696155844691
4733295458518158
4730303006379116
4732567071231872
4731470508465661
4731831209434228
4731649419645884
4115337685011126
4667520142808842
4728938737174525
4730644006967743
4729535360141898
4727086009027950
4722611173197861
4728904352797866
4715806837181607
4688213720170578
4708621386777173
4726782508402636
4712293113529275
4730144394577317
4711895183920485
4716221578089498
4718277786076520
4729502514810390
4701043768688918
4729648606873438
4727103654987986
4372537431149150
4650687273634730
4687103348441483
4668958186147215
4729148038187292
4729262608751307
4729081302615644
4714413284136081
4711505133570516
4724605388063434
4721673628550339
4728443327481993
4720908792758762
4165376994375113
4357071254078238
4727555564765628
4706344264796081
4722759526253844
4727103716854012
4695976159481025
4726758902860877
4711374199981825
4726369865699462
4726333118350200
4725319494537232
4725322430285451
4725907539888543
4725840799335214
4725542621811415
4725200039447928
4725079244538108
4724507413318802
3767381501566515
4724098457142703
4628043186307706
4694836966328037
4700173491503106
4722951796293709
4723114565440510
4722798935671858
4678875076102692
4722326140617299
4696682040658673
4312524096241482
4696511118314057
4684946549246023
4581673721400769
4618407356406792
4628202910387467
4720617686837415
4716232253377878
4714339590735459
4717565685793642
4642478248168861
4721139592725253
4698440463811407
4720447457070341
4720833228703383
4720219861286913
4720770645236348
4720546430321058
4717316342814900
4720408453974213
4713362397070475
4629710761886043
4684996277174862
4650665580955177
4719702070264733
4716862368123659
4718307410446742
4712063014273734
4718369847382377
4697874316656679
4718384346566696
4711469671254330
4712989150152524
4712963812101378
4715134884775609
4671703180906191
4701033361835321
4710492717188476
4644914602180782
4704278520266875
4708877000248236
4588534247727737
4718363793688964
4717254069454190
4704862338028065
4717873752443251
4717720229381549
4717573910300607
4715861615839819
4715150366476009
4714827384096602
4713709690426983
4711739704217141
4712903636944030
4710402757232602
4711409495573921
4711516190805284
4685645954158043
4705578229961578
4703510333228923
4707541562693811
4711155862078422
4179576252306190
4703196088631439
4710771517295474
4710695793593788
4710278643581027
4487182037411676
4710373356211133
4710422341223569
4710055938886599
4703735248586881
4709255733051449
4706751586763334
4700503638279192
4708941508643303
4707474147641741
4707776556695609
4687298731443578
4707934384424670
4679615916540898
4687053310396521
4690861693075975
4693278823549846
4694464473858844
4695917942280883
4698720521685652
4700114138958988
4701619461030850
4702285194854481
4702802951016838
4702803589860248
4705190244256198
4705911967319394
4706765311053925
4688271475738068
4702697104608750
4701970907007841
4700470830171496
4699794138728890
4700171906582979
4699501287445527
4698417433676057
4699129827036652
4382450375006041
4694306957297769
4693053706867861
4692446967758961
4690070479573241
4662576384313575
4687896222894391
4567517702393765
4603736498902366
4546568332775625
4685306609011727
4678355914589629
4685259017290440
4670207186698459
4683998419228651
4683977498302802
4681633032573682
4681272092526091
4680766313989596
4534969935862591
4668190422205745
4619832811061699
4675929366071469
4628799972447450
4620151561130017
4673879597385859
4363274961222398
4650515428806507
4556494865694735
4653890777914635
4182442787016146
4671527784286655
4561186982466795
4670321704042624
4654940088436854
4634162890278601
4669487682688677
4658300841099529
4670062491341982
4651366326734086
4667348067555168
4659650195095589
4663183660815431
4330985179171806
4638694185638762
4313562946115405
4069937935090132
4376335508196231
4388683027558337
4664651310176986
4665484400662154
4666151822952158
4665887393317141
4666098203233365
4665032207764720
4665376895406083
4665744564687315
4665840642825111
4665838899301792
4548132975939571
4611031340683770
4664648794114850
4639717050291674
4665080262165265
4665098927347670
4664704170990475
4632166883137845
4650544168175271
4655746186482724
4655218716050575
4653097248361161
4657162788538303
4493662023319879
4289947642758170
4573990561258389
4657432700126699
4080254920154031
4641994133472303
4624968375600945
4610316799313716
4589019184768280
4430859870148307
4620580302620895
4569111227017079
4653203293738291
4640888393567550
4652271210857604
4651380370048479
4635022109706252
4636654000408898
4634762066526441
4625960298872852
4624786964089165
4622347728849783
4624811264840035
4622450606473239
4624168144602819
4452326686939459
4621108928580267
4623720683932311
4623754456466506
4622174188996196
4622027879875495
4605385559773366
4618203709571087
4621614517851624
4620823421519929
4620787422856463
4621292889970213
4598400794236669
4617933013651024
4621222878646285
4621150188211315
4617358079428506
4620169769125296
4619488332616787
4620410828097949
4620094897130726
4619630604452033
4618075972829356
4620002655732522
4619395193900325
4619818571401514
4619834128337017
4619742226941507
4619115833069789
4547293732412739
4613315558642949
4619058605199582
4619700547880588
4619755942842819
4619431906906254
4619471936815197
4618319522435570
4618005168001828
4619310746307487
4596861560429493
4619157151155685
4619153555588350
4618189050483034
4618352993763630
4618748436945009
4616421076634600
4617551273268767
4617613650695045
4614604287641415
4600504279374855
4617758345527875
4616951341519757
4617292606603617
4616162064731721
4616174815939390
4615402656893013
4615278866991112
4615504038463327
4615026676073695
4614660085515102
4611821396298201
4612273412244774
4609352026299387
4395546133178131
4296899923656229
4146041572534482
4537574544902507
4539713580699788
4387575248488753
4610007671247191
4609959529024596
4609925453711330
4608971052421698
4521260677230577
4609687729733891
4581712820964986
4609360770373883
4576773432149141
4595548504464082
4595994224231635
4608337612636424
4548746388706184
4605782543041577
4608612918366551
4459539132340593
4582861850028659
4608197141202256
4581112732455590
4397591594602405
4605684191332608
4562074342791441
4563122591109291
4449429287096679
4606693738025937
4606796062526578
4598781465855225
4603486199090674
4601754652780733
4601757177219694
4601367844637394
4600470960869824
4600925861185481
4600611872452140
4600649105546608
4600274536378978
4545184660981012
4579234829304981
4598821348185932
4500176876630800
4598444990142683
4598658476019369
4598058778369237
4598410856120326
4077594636688570
4598373418013855
4598320141705170
4562606894090791
4507516807819150
4572413227172347
4570020585151873
4597044348192973
4569073256502503
4596945337713483
4596829059023823
4596210939997224
4595920295428723
4595779912339697
4596484156697319
4577209094243826
4596621826339456
4596304779423342
4596673223598713
4596688666505682
4596260935827521
4595873601032859
4556265726678519
4566424926032209
4542626529811878
4512377871724466
4595407642951945
4582336873634618
4594992976501628
4594921166341126
4594744984094055
4594772645523196
4586429852165448
4594469397862436
4594363914527149
4586147102071882
4594338141312865
4551333795338892
4593549297322135
4592835606611672
4590832860268161
4594041327720355
4594126403935965
4516584854570611
4593744136116607
4593834212983553
4593593791284451
4571235956304499
4593538437744778
4593382301900392
4593366309018922
4593349204640424
4592606442422687
4593161474933022
4592935834227227
4593060178041509
4592944638591399
4593054704738497
4592993183473605
4592832692094810
4558962106045207
4591262042687944
4498725717731774
4592533387354060
4591923560190791
4591841376477675
4591501248828708
4591448009220688
4591945291140435
4591873660035373
4590976372311968
4591136302171305
4585681085271234
4584962604929735
4587875591785594
4591270993071264
4591055737718714
4590477283951939
4591190169093305
4591251866784218
4591224093410139
4540057182021104
4590855890934009
4589704378329109
4589784174966863
4589790105710560
4589779596087137
4589763031736270
4589783319584971
4587931258330659
4589758544349566
4589666886751733
4589762424078641
4589322399390804
4589218862996736
4538667148779310
4589659626147609
4589290955218344
4589410303874926
4589420701818296
4589025011176100
4588969767737106
4543239002267620
4588861198702767
4583427171680534
4584919542534057
4588068659003800
4588345500382033
4588494217288611
4585086018918512
4568238689619112
4588210531345083
4586184166867156
4135001744755095
4587621612797411
4583068248049338
4587072280862504
4579206224675473
4582772755143065
4585816892640414
4584501462174534
4581995756396446
4582785451296493
4583653940920582
4583557207432365
4582913234174692
4581738661028466
4583211163721696
4564556585901463
4570185953976612
4580648780570215
4575158197290818
4488561065422343
4536885856441245
4573464021705379
4569155884286945
4571386029015514
4574165144700671
4377971123539564
4379412981749138
4382717095236437
4408504263492362
4423042908251319
4435613387884089
4571303450782217
4570811505315249
4569111206304894
4559894790014732
4569656638312594
4558996218316418
4558637480019548
4562510789742734
4566294898411101
4555694508345220
4565878261684822
4563898475482645
4548762023761399
4565365932429785
4565258776347069
4541156924590878
4563865993746225
4384196908571452
4541948595799616
4558610627562626
4548389305582587
4527788926698771
4540799443810315
4540799784849779
4542657412473536
4543020098135069
4545594075647993
4545594992890351
4549541523883679
4555007225502038
4555177371631983
4555175291003708
4553782627671209
4526170219727209
4529631393489242
4538980349774975
4541004890505285
4544068941780500
4544301911250814
4554492449925182
4554510603915195
4555642448904616
4419399215554109
4556043038493296
4552372330434107
4552781199312524
4550149651306567
4541108207758547
4542231941223424
4489687974950499
4536844965911177
4540666020106065
4540105349672506
4519774023124371
4539895606151941
4538838175717374
4529561867391703
4538687851594945
4538625947869544
4538682604257305
4538695472650828
4536877979805009
4534265168273610
4336882660294041
4508565307797437
4511346031331532
4446850096096779
4530365388297000
4531443664166718
4487496811735697
4520215998802029
4523517507644791
4516092125438375
4529131377664110
4529620844289046
4337910758830940
4295072700609587
4413209014246685
4526022097692646
4527296260349813
4523493678813696
4522990441935509
4517174088065430
4521159918154029
4509943686688259
4494471876140102
4458545565290508
4503674888063635
3914264135428912
4481355449032983
4494835547482484
4501514016932329
4504577300879291
4512778624359714
4517858094897074
4517788277097589
4504115784858690
4515158749307208
4516186782747923
4218353897867187
4436058042964473
4512200490151661
4511032460785546
4513134939452709
4512735025453850
4263232124933983
4433854377077678
4503448517706225
4310278566346253
4439536568747475
4507373206707779
4507022801882481
4507008705356595
4509749574705673
4436825907033490
4442291429539235
4506756627855206
4433953983111310
4350414390271165
4503030840263049
4503209286201336
4503163262466171
4491165111451571
4494846058359473
4501583298174671
4456040156044716
4432141309607167
4497137670896142
4500776532384299
4499909577179941
4499193961422367
4487387671689615
4499034570178854
4474367381770145
4441397329794189
4493373748443577
4494444583511950
4493012019425026
4487497138935195
4479095507659692
4309546132079129
4490120738279414
4336082411538891
4447367585449908
4484775639308574
4414918461635218
4481049054977311
4445118092513602
4484243143274828
4477894464554190
4431756717373307
4483085326052547
4334661528832873
4439241293301896
4480479787041188
4444255202109249
4360024165792616
4475425273341200
4473796239247570
4433248530718424
4470883832182648
4474192403961017
4414841088909176
4473023954674769
4469275760465050
4463379038778854
4447619478787733
4282647062898499
4418149145170122
4464733505816031
4463200768390491
4449122884660611
4439929344200936
4452572162701548
4449173937638620
4448058890832773
4444126391050715
4396776436119438
4442116501556738
4400227010494698
4437440427715796
4430963205302268
4436098782434419
4433030989140976
4427648308904060
4428150794850574
4433833912585756
4430716542379829
4432124217885517
4422558550294464
4428681466481542
4429969146654801
4359620791330888
4430655326590681
4358048606477719
4389864432633039
4423968506827347
4420361703985052
4422184367630364
4397654669218104
4422342409617623
4422595720151583
4316171433776034
4419037947711086
4389731410426277
4416191663276589
4413901678052338
4323943034591111
4408208929943662
4303874103567067
4377347970996207
4388537061222093
4390871837948357
4347665800160229
4387931168956019
3841027280726009
4371891785408785
4353626447749559
4347532530145236
3693797550320013
4254710385182486
4258809700136521
3894027482851369
4086945808735342
4170010806633199
3869509813354903
4330927461303976
4328513957676385
4324371994449036
4287479009941178
4115380492091302
3853022767681710
4252922264905521
4244555283544011
4231041314869736
4240021709671326
3977672352743054
3989284514175486
4155942179991610
4118725000479466
4183568928080797
4206398944587923
4158336809419482
4103836568597252
4187187593677049
4200477870708375
4198203576516045
3861964290248626
4180929116739737
4132720164238830
4120784886843925
4127745502169583
4126241319883882
4128684846169901
3552396607047930
4104699928482526
4025759418799037
4104731725605211
4113424936101211
4024627858526851
4108729441968917
4026951028534193
3716755467348890
3956652803744793
